k=[0,7,-5;0,4,7;4,-3,7];
out=[50;30;40];
y=k^-1;
k\out